{
  "generated_by": {
    "program": "augur",
    "version": "11.1.2"
  },
  "models": {
    "country": {
      "alphabet": [
        "Australia",
        "Brunei",
        "Cambodia",
        "Cameroon",
        "Canada",
        "Central African Republic",
        "China",
        "Denmark",
        "France",
        "Germany",
        "Greece",
        "Guinea",
        "Hong Kong",
        "Hungary",
        "Japan",
        "Laos",
        "Madagascar",
        "Malaysia",
        "Mauritania",
        "Netherlands",
        "Niger",
        "Norway",
        "Russia",
        "Senegal",
        "Singapore",
        "South Korea",
        "Spain",
        "Switzerland",
        "Taiwan",
        "Thailand",
        "USA",
        "Unknown",
        "?"
      ],
      "equilibrium_probabilities": [
        0.03116006570934201,
        0.032410664068629434,
        0.025183600540111595,
        0.03345047077352855,
        0.03164066613298494,
        0.03280998835271624,
        0.026497935785883827,
        0.0329867137107201,
        0.03371590542179656,
        0.03168911817713784,
        0.032793020187859095,
        0.033010108837913894,
        0.021730128910296135,
        0.03259972726263836,
        0.022539014999297592,
        0.029786300022504864,
        0.03139323022880614,
        0.02594483873023593,
        0.03316957981959034,
        0.030345186144820867,
        0.032875544168393715,
        0.03283240275709765,
        0.029789781535206273,
        0.03292327757118096,
        0.03429874443854823,
        0.032554251375144186,
        0.032786416141501545,
        0.032500727230815644,
        0.01979875874401656,
        0.020498461616406217,
        0.03179536553795169,
        0.030223011761822977,
        0.03226699330509995
      ],
      "rate": 10.882027538041037,
      "transition_matrix": [
        [
          0.0,
          0.9406179036091474,
          1.0122595267136476,
          0.9402183019189698,
          1.305612959636753,
          0.9423894395019058,
          1.3782069795405152,
          0.9577698758586483,
          0.9405644853492188,
          0.9398796090621641,
          0.9416279242639919,
          0.9412151822812621,
          0.9410537752575485,
          0.9405428219528609,
          1.189499487930884,
          0.9406494604228973,
          0.9408745563219787,
          1.6306571190194967,
          0.9405259628353512,
          1.5817646555098617,
          0.9422310551078393,
          0.9483451949641827,
          0.9406209450253428,
          0.9409490336017342,
          0.9421093419912626,
          0.9401399865747866,
          0.9401334226427364,
          0.9417034028740685,
          0.9954516716830087,
          1.0197905183481435,
          1.4096156667343474,
          1.2616345340000426,
          0.9406151005033045
        ],
        [
          0.9406179036091474,
          0.0,
          1.0171368121493685,
          0.9423971384433707,
          0.9417346970851243,
          0.9442502943606176,
          0.9190079769954906,
          0.9351975245161811,
          0.9426778247855518,
          0.9418332419842188,
          0.9424862993783083,
          0.9432625415589575,
          0.942369634028077,
          0.9426619914118403,
          0.9381857376096981,
          0.9426151441482189,
          0.9414407100233724,
          1.4058228980141152,
          0.9427187813484712,
          0.9396663948601062,
          0.94412962572969,
          0.9423879899638445,
          0.9425854559350926,
          0.9428484574964994,
          0.9425356777186703,
          0.9422235461705937,
          0.9422584799190186,
          0.9426936055389663,
          0.9448673800590995,
          1.010056342739173,
          0.941064474213185,
          0.9386668073153247,
          0.942753512482705
        ],
        [
          1.0122595267136476,
          1.0171368121493685,
          0.0,
          1.0194223676038567,
          1.014482916681415,
          1.0201023367697208,
          2.52151564197951,
          1.0144880650481585,
          1.0205624096741024,
          1.0145704988689344,
          1.0179715883283171,
          1.0194307606701833,
          0.9915656086668159,
          1.0175482164713634,
          0.9906255911023812,
          1.0106412286020299,
          1.0169391935396197,
          0.9982073614466029,
          1.0190138501680912,
          1.0109461952989178,
          1.0200773353754653,
          1.017885188109245,
          1.010623863904078,
          1.0190800529690647,
          1.023210261913407,
          1.0170416401353959,
          1.017642426043807,
          1.0176621016722933,
          0.991490063240194,
          2.6968314297039564,
          1.0152665899957014,
          1.0086972901231566,
          1.0167990463775867
        ],
        [
          0.9402183019189698,
          0.9423971384433707,
          1.0194223676038567,
          0.0,
          0.9413721758696466,
          0.9446564409144363,
          0.9184571136311083,
          0.9350571922346645,
          0.9423316352255637,
          0.9414817867222852,
          0.9421447128066247,
          0.9431807658294519,
          0.9421466443058791,
          0.9423275948981308,
          0.9382223640673311,
          0.9423089948800257,
          1.412186338354788,
          0.9378141028463016,
          0.9423827541549746,
          0.9395583826980707,
          0.9444876183891374,
          0.9420374585884342,
          0.9422783352696271,
          0.9428845359488586,
          0.9421323006679156,
          0.9418753252755792,
          0.9419089984821861,
          0.9424500439021098,
          0.9450388855445376,
          1.0124832249361337,
          0.9407808682599786,
          1.4082149281922556,
          0.9424243006110183
        ],
        [
          1.305612959636753,
          0.9417346970851243,
          1.014482916681415,
          0.9413721758696466,
          0.0,
          0.9434604586249945,
          1.1767937975735232,
          0.9349931549341419,
          0.9456910967266797,
          0.9408870990875373,
          0.9743997697094304,
          0.9423300295829099,
          0.9427346049109396,
          0.9416853955727882,
          1.2382680046426242,
          0.9417210389008163,
          0.9414313881129489,
          1.2357165726715762,
          0.9416933856128975,
          1.6996239172941665,
          0.9433146485920736,
          0.9414061687526605,
          0.9416920829771834,
          0.9420086292588102,
          0.9441719570821858,
          0.9412728897780973,
          0.9412911475803595,
          0.9416929789865841,
          0.948204753254562,
          1.01075190906969,
          0.9459701422849398,
          0.939120267109205,
          0.9417527739412048
        ],
        [
          0.9423894395019058,
          0.9442502943606176,
          1.0201023367697208,
          0.9446564409144363,
          0.9434604586249945,
          0.0,
          0.940878228331993,
          0.9537625914504728,
          0.9442907940185412,
          0.9435090479388024,
          0.9440418756887132,
          0.9509775889817771,
          0.9440922615918369,
          0.9441907405040976,
          0.9917043353964267,
          0.9441116437282907,
          1.1850989418488695,
          0.9422615785749632,
          0.9444027387960565,
          0.9430601494940941,
          1.2339600403000184,
          0.9438779967010701,
          0.9440815838251227,
          0.9565804542432236,
          0.9481920817992634,
          0.9440284844782872,
          0.9440170463574789,
          0.9441892037442955,
          0.9545032401722692,
          1.0174749341592777,
          0.9426982426908803,
          0.9401654208186525,
          0.944235799800184
        ],
        [
          1.3782069795405152,
          0.9190079769954906,
          2.52151564197951,
          0.9184571136311083,
          1.1767937975735232,
          0.940878228331993,
          0.0,
          1.0814255434300524,
          0.9186606703267599,
          0.9197410908022021,
          0.9253326983482656,
          0.9322289909985435,
          4.192686301547263,
          0.9188788983271831,
          3.3849973050132167,
          1.379679709011553,
          1.127944340245782,
          0.9524433985994575,
          0.9185934766998802,
          1.239881455509111,
          0.9374477141367741,
          0.9183903082316682,
          1.379715319796296,
          0.9450758450164295,
          0.9687855011382923,
          0.9195631693114021,
          0.9184989671471357,
          0.9193201126461473,
          6.3929404614538035,
          3.87242745796797,
          1.0901030586132527,
          0.9194793724845751,
          0.9189674633186861
        ],
        [
          0.9577698758586483,
          0.9351975245161811,
          1.0144880650481585,
          0.9350571922346645,
          0.9349931549341419,
          0.9537625914504728,
          1.0814255434300524,
          0.0,
          0.9349583269441003,
          1.818137527614363,
          0.9350752278666447,
          0.9473170469732201,
          0.9401610141403662,
          0.9350011409050992,
          0.9706946432578739,
          0.935872617566356,
          1.1617063271054702,
          1.1589051140639497,
          0.9350123254169038,
          0.9963354302671465,
          0.9505178643279913,
          0.9649376969480472,
          0.9358419275024402,
          0.9586407615391058,
          0.9929395571517378,
          0.9347981490253788,
          0.9347429233451283,
          0.9481920032186362,
          1.052359307904916,
          1.0922059256726577,
          1.0320902618530234,
          1.230837376332594,
          0.9349681499627541
        ],
        [
          0.9405644853492188,
          0.9426778247855518,
          1.0205624096741024,
          0.9423316352255637,
          0.9456910967266797,
          0.9442907940185412,
          0.9186606703267599,
          0.9349583269441003,
          0.0,
          0.9417518188677679,
          1.1216148950113498,
          0.9432510990291896,
          0.9424516288887556,
          0.942645003412224,
          0.9380718502068877,
          0.9425663260711226,
          0.9415604586380714,
          0.9379818132457192,
          0.94266689778907,
          1.2889699809055688,
          0.9441612432953314,
          0.9423133661435102,
          0.942535435149074,
          0.9428348488058983,
          0.9427180742368173,
          0.9421532022111717,
          1.413305400366817,
          0.942708858829514,
          0.9450503222790982,
          1.5185632932361417,
          0.9417151955836142,
          0.9386745675258813,
          0.9427044771911413
        ],
        [
          0.9398796090621641,
          0.9418332419842188,
          1.0145704988689344,
          0.9414817867222852,
          0.9408870990875373,
          0.9435090479388024,
          0.9197410908022021,
          1.818137527614363,
          0.9417518188677679,
          0.0,
          0.9416240483408792,
          0.9424675006217129,
          0.9417903041588649,
          0.9417649232687694,
          0.9378767979578432,
          0.9417956253042936,
          0.9417079443080013,
          0.9378297550154464,
          0.9418038391475463,
          0.9396971510891455,
          0.9433620887470321,
          0.9415167239441876,
          0.9417665456145877,
          0.9421732110484088,
          0.9419573669638348,
          0.9413372673106786,
          1.4126740997989922,
          0.9418110592646741,
          0.9450184672794786,
          1.0085531048297594,
          1.9259843640325618,
          0.9383737285084119,
          0.9418597976228372
        ],
        [
          0.9416279242639919,
          0.9424862993783083,
          1.0179715883283171,
          0.9421447128066247,
          0.9743997697094304,
          0.9440418756887132,
          0.9253326983482656,
          0.9350752278666447,
          1.1216148950113498,
          0.9416240483408792,
          0.0,
          0.9430346614488021,
          0.998073122697421,
          0.9424852226826904,
          0.93817034788077,
          0.942400326328998,
          0.9414547514455325,
          0.9382858327131143,
          0.9424714206690021,
          1.8227375801547456,
          0.9439151788544614,
          0.9421269289464063,
          0.9423702745517487,
          0.9426295867524129,
          1.0317134493498397,
          0.9419773632866052,
          0.9420441341706854,
          0.9424504007394942,
          0.9455985462089497,
          1.0239131120922733,
          0.9697626717810377,
          0.9387484314011194,
          0.9425129255806484
        ],
        [
          0.9412151822812621,
          0.9432625415589575,
          1.0194307606701833,
          0.9431807658294519,
          0.9423300295829099,
          0.9509775889817771,
          0.9322289909985435,
          0.9473170469732201,
          0.9432510990291896,
          0.9424675006217129,
          0.9430346614488021,
          0.0,
          0.9431110573302137,
          0.9431969460050598,
          0.9521308029561044,
          0.9431565668166814,
          1.0414627973834778,
          0.9400748090609402,
          0.9466440856660778,
          0.9411190663225122,
          0.9496593405946194,
          0.9428853242181267,
          0.9431263148597044,
          1.4354553119908606,
          0.9452685536040109,
          0.9428418738290212,
          0.9428474776052317,
          0.9432073063531599,
          0.9504452820572162,
          1.0151182393654286,
          0.9416565780924308,
          0.939159229419523,
          0.9432674321224217
        ],
        [
          0.9410537752575485,
          0.942369634028077,
          0.9915656086668159,
          0.9421466443058791,
          0.9427346049109396,
          0.9440922615918369,
          4.192686301547263,
          0.9401610141403662,
          0.9424516288887556,
          0.9417903041588649,
          0.998073122697421,
          0.9431110573302137,
          0.0,
          0.9423474817344746,
          0.9407149669333242,
          0.94236007988228,
          0.9452683165891718,
          0.9403587484429058,
          0.9423616861832866,
          1.0712655396162538,
          0.9439268131584733,
          0.9421227546506393,
          0.9423417691726484,
          0.9431404703738452,
          1.4291179557169518,
          0.9420376087877913,
          0.9420522782543659,
          0.9423418047817519,
          0.9471761573953439,
          0.9906160634535304,
          0.9421327136644879,
          0.9397133944406143,
          0.942383129813524
        ],
        [
          0.9405428219528609,
          0.9426619914118403,
          1.0175482164713634,
          0.9423275948981308,
          0.9416853955727882,
          0.9441907405040976,
          0.9188788983271831,
          0.9350011409050992,
          0.942645003412224,
          0.9417649232687694,
          0.9424852226826904,
          0.9431969460050598,
          0.9423474817344746,
          0.0,
          0.9381110426310936,
          0.9425545307088434,
          0.9413580320220136,
          0.9380267677800583,
          0.9426514676164324,
          1.4085882878346376,
          0.944069921929181,
          0.9423015975092199,
          0.9425246660963148,
          0.9427779235259971,
          0.9425064453605942,
          0.9421549190463504,
          0.9421893951110049,
          0.9426166872226722,
          0.9447894659395031,
          1.0104677974354992,
          0.94115643439247,
          0.9386714034659481,
          0.9426883331763175
        ],
        [
          1.189499487930884,
          0.9381857376096981,
          0.9906255911023812,
          0.9382223640673311,
          1.2382680046426242,
          0.9917043353964267,
          3.3849973050132167,
          0.9706946432578739,
          0.9380718502068877,
          0.9378767979578432,
          0.93817034788077,
          0.9521308029561044,
          0.9407149669333242,
          0.9381110426310936,
          0.0,
          0.9385850901915285,
          1.406329164758742,
          2.584581866966923,
          0.9382794448655807,
          1.6168664771009134,
          0.9836094348319371,
          0.9380307673424524,
          0.9385650224990303,
          0.9652304490046429,
          0.955696302386743,
          1.403231599234084,
          1.4065187284173257,
          0.9382104903249203,
          1.8796138245364802,
          1.273150292628629,
          0.9382366900064094,
          0.9394875182536716,
          0.9381400299442404
        ],
        [
          0.9406494604228973,
          0.9426151441482189,
          1.0106412286020299,
          0.9423089948800257,
          0.9417210389008163,
          0.9441116437282907,
          1.379679709011553,
          0.935872617566356,
          0.9425663260711226,
          0.9417956253042936,
          0.942400326328998,
          0.9431565668166814,
          0.94236007988228,
          0.9425545307088434,
          0.9385850901915285,
          0.0,
          0.9418531318701484,
          0.9383895529070134,
          0.9426054549145123,
          0.9399666382452752,
          0.9439903835695113,
          0.9422792380532844,
          0.9424901631651834,
          0.9428138426531631,
          0.9423185878975564,
          0.9421516130177573,
          0.9421828251230955,
          0.9425718191274454,
          0.9447569970137845,
          1.0046912012365032,
          0.9411760900987614,
          0.9388420613313255,
          0.9426385977971298
        ],
        [
          0.9408745563219787,
          0.9414407100233724,
          1.0169391935396197,
          1.412186338354788,
          0.9414313881129489,
          1.1850989418488695,
          1.127944340245782,
          1.1617063271054702,
          0.9415604586380714,
          0.9417079443080013,
          0.9414547514455325,
          1.0414627973834778,
          0.9452683165891718,
          0.9413580320220136,
          1.406329164758742,
          0.9418531318701484,
          0.0,
          0.9672892397077246,
          0.9429657326286709,
          0.968433426063923,
          1.1548422758162156,
          0.9409319437285764,
          0.9418241552173654,
          1.140533895849066,
          0.9998795515441107,
          0.9415365450560007,
          0.9412664762178148,
          0.941367815662968,
          1.0762191641114385,
          1.0800431165152204,
          0.9409631584970829,
          0.9389348507880484,
          0.9412640458283262
        ],
        [
          1.6306571190194967,
          1.4058228980141152,
          0.9982073614466029,
          0.9378141028463016,
          1.2357165726715762,
          0.9422615785749632,
          0.9524433985994575,
          1.1589051140639497,
          0.9379818132457192,
          0.9378297550154464,
          0.9382858327131143,
          0.9400748090609402,
          0.9403587484429058,
          0.9380267677800583,
          2.584581866966923,
          0.9383895529070134,
          0.9672892397077246,
          0.0,
          0.9378892150392011,
          2.1551530752676396,
          0.9416511741378419,
          1.037723314179522,
          0.9383655103174605,
          0.9414344397849228,
          3.1632568507399914,
          0.9401229968104641,
          0.9376353354071667,
          0.9502522572219805,
          3.178779595901759,
          1.6351609890736782,
          0.937915014250193,
          1.528156777717502,
          0.9379947055853369
        ],
        [
          0.9405259628353512,
          0.9427187813484712,
          1.0190138501680912,
          0.9423827541549746,
          0.9416933856128975,
          0.9444027387960565,
          0.9185934766998802,
          0.9350123254169038,
          0.94266689778907,
          0.9418038391475463,
          0.9424714206690021,
          0.9466440856660778,
          0.9423616861832866,
          0.9426514676164324,
          0.9382794448655807,
          0.9426054549145123,
          0.9429657326286709,
          0.9378892150392011,
          0.0,
          0.9395133697141183,
          0.9442565828553796,
          0.9423452506280002,
          0.9425750686402296,
          1.4194811395826838,
          0.9420710057548612,
          0.9422032981332658,
          0.9422392235801403,
          0.9426688102876253,
          0.944760596633869,
          1.0117126161753154,
          0.9410162820766881,
          0.9385112937453917,
          0.9427449985649544
        ],
        [
          1.5817646555098617,
          0.9396663948601062,
          1.0109461952989178,
          0.9395583826980707,
          1.6996239172941665,
          0.9430601494940941,
          1.239881455509111,
          0.9963354302671465,
          1.2889699809055688,
          0.9396971510891455,
          1.8227375801547456,
          0.9411190663225122,
          1.0712655396162538,
          1.4085882878346376,
          1.6168664771009134,
          0.9399666382452752,
          0.968433426063923,
          2.1551530752676396,
          0.9395133697141183,
          0.0,
          0.942577679722502,
          0.9525364573197546,
          0.9399387504575427,
          0.9417961766777329,
          2.364210505522198,
          0.9399421559463786,
          0.9392352318017491,
          0.9415187394574936,
          1.5687372516414446,
          1.1706982042416367,
          1.6141811998361675,
          1.7468178798176024,
          0.9395929410983391
        ],
        [
          0.9422310551078393,
          0.94412962572969,
          1.0200773353754653,
          0.9444876183891374,
          0.9433146485920736,
          1.2339600403000184,
          0.9374477141367741,
          0.9505178643279913,
          0.9441612432953314,
          0.9433620887470321,
          0.9439151788544614,
          0.9496593405946194,
          0.9439268131584733,
          0.944069921929181,
          0.9836094348319371,
          0.9439903835695113,
          1.1548422758162156,
          0.9416511741378419,
          0.9442565828553796,
          0.942577679722502,
          0.0,
          0.9437582603104424,
          0.9439602639957337,
          0.9540909901324123,
          0.9472301327005985,
          0.9438810681473337,
          0.9438762673946637,
          0.9440692860102622,
          0.9529161231316455,
          1.0165922598431536,
          0.9425532648973843,
          0.9400159564719615,
          0.9441201299124686
        ],
        [
          0.9483451949641827,
          0.9423879899638445,
          1.017885188109245,
          0.9420374585884342,
          0.9414061687526605,
          0.9438779967010701,
          0.9183903082316682,
          0.9649376969480472,
          0.9423133661435102,
          0.9415167239441876,
          0.9421269289464063,
          0.9428853242181267,
          0.9421227546506393,
          0.9423015975092199,
          0.9380307673424524,
          0.9422792380532844,
          0.9409319437285764,
          1.037723314179522,
          0.9423452506280002,
          0.9525364573197546,
          0.9437582603104424,
          0.0,
          0.9422491404649114,
          0.9424568041861843,
          0.9418830273059043,
          0.94185057836309,
          0.9418840340735118,
          0.9434509531970562,
          0.9446004176630598,
          1.0202081203911455,
          0.9408347808550194,
          1.2590208337921083,
          0.9423910476018195
        ],
        [
          0.9406209450253428,
          0.9425854559350926,
          1.010623863904078,
          0.9422783352696271,
          0.9416920829771834,
          0.9440815838251227,
          1.379715319796296,
          0.9358419275024402,
          0.942535435149074,
          0.9417665456145877,
          0.9423702745517487,
          0.9431263148597044,
          0.9423417691726484,
          0.9425246660963148,
          0.9385650224990303,
          0.9424901631651834,
          0.9418241552173654,
          0.9383655103174605,
          0.9425750686402296,
          0.9399387504575427,
          0.9439602639957337,
          0.9422491404649114,
          0.0,
          0.9427836299361545,
          0.9422871459844696,
          0.9421217683081399,
          0.9421527689877093,
          0.9425420371937666,
          0.9447422036210914,
          1.0046786846745266,
          0.9411469281471443,
          0.9388141309087338,
          0.9426090422874668
        ],
        [
          0.9409490336017342,
          0.9428484574964994,
          1.0190800529690647,
          0.9428845359488586,
          0.9420086292588102,
          0.9565804542432236,
          0.9450758450164295,
          0.9586407615391058,
          0.9428348488058983,
          0.9421732110484088,
          0.9426295867524129,
          1.4354553119908606,
          0.9431404703738452,
          0.9427779235259971,
          0.9652304490046429,
          0.9428138426531631,
          1.140533895849066,
          0.9414344397849228,
          1.4194811395826838,
          0.9417961766777329,
          0.9540909901324123,
          0.9424568041861843,
          0.9427836299361545,
          0.0,
          0.9473992928310002,
          0.9424980475503344,
          0.9424731182644166,
          0.9427891634249936,
          0.9554849519150073,
          1.0178809096141594,
          0.9413426006470698,
          0.9388983915231931,
          0.9428405515951527
        ],
        [
          0.9421093419912626,
          0.9425356777186703,
          1.023210261913407,
          0.9421323006679156,
          0.9441719570821858,
          0.9481920817992634,
          0.9687855011382923,
          0.9929395571517378,
          0.9427180742368173,
          0.9419573669638348,
          1.0317134493498397,
          0.9452685536040109,
          1.4291179557169518,
          0.9425064453605942,
          0.955696302386743,
          0.9423185878975564,
          0.9998795515441107,
          3.1632568507399914,
          0.9420710057548612,
          2.364210505522198,
          0.9472301327005985,
          0.9418830273059043,
          0.9422871459844696,
          0.9473992928310002,
          0.0,
          0.9418839475400808,
          0.941624905594118,
          0.9422181826379339,
          1.0396151634324464,
          1.5444744612454728,
          0.9427194392728687,
          0.9407867532949425,
          0.9420371260018615
        ],
        [
          0.9401399865747866,
          0.9422235461705937,
          1.0170416401353959,
          0.9418753252755792,
          0.9412728897780973,
          0.9440284844782872,
          0.9195631693114021,
          0.9347981490253788,
          0.9421532022111717,
          0.9413372673106786,
          0.9419773632866052,
          0.9428418738290212,
          0.9420376087877913,
          0.9421549190463504,
          1.403231599234084,
          0.9421516130177573,
          0.9415365450560007,
          0.9401229968104641,
          0.9422032981332658,
          0.9399421559463786,
          0.9438810681473337,
          0.94185057836309,
          0.9421217683081399,
          0.9424980475503344,
          0.9418839475400808,
          0.0,
          0.9417499381840087,
          0.9421736871781593,
          1.4161875625156946,
          1.0102113262910437,
          0.94057243280703,
          0.9381352710129259,
          0.9422505216260795
        ],
        [
          0.9401334226427364,
          0.9422584799190186,
          1.017642426043807,
          0.9419089984821861,
          0.9412911475803595,
          0.9440170463574789,
          0.9184989671471357,
          0.9347429233451283,
          1.413305400366817,
          1.4126740997989922,
          0.9420441341706854,
          0.9428474776052317,
          0.9420522782543659,
          0.9421893951110049,
          1.4065187284173257,
          0.9421828251230955,
          0.9412664762178148,
          0.9376353354071667,
          0.9422392235801403,
          0.9392352318017491,
          0.9438762673946637,
          0.9418840340735118,
          0.9421527689877093,
          0.9424731182644166,
          0.941624905594118,
          0.9417499381840087,
          0.0,
          0.9422086834144763,
          0.9445036953483342,
          1.010575800629676,
          0.940670511719891,
          0.9381352490430622,
          0.9422865154774853
        ],
        [
          0.9417034028740685,
          0.9426936055389663,
          1.0176621016722933,
          0.9424500439021098,
          0.9416929789865841,
          0.9441892037442955,
          0.9193201126461473,
          0.9481920032186362,
          0.942708858829514,
          0.9418110592646741,
          0.9424504007394942,
          0.9432073063531599,
          0.9423418047817519,
          0.9426166872226722,
          0.9382104903249203,
          0.9425718191274454,
          0.941367815662968,
          0.9502522572219805,
          0.9426688102876253,
          0.9415187394574936,
          0.9440692860102622,
          0.9434509531970562,
          0.9425420371937666,
          0.9427891634249936,
          0.9422181826379339,
          0.9421736871781593,
          0.9422086834144763,
          0.0,
          0.9448900481122026,
          1.2816812170719003,
          0.9412679657782533,
          1.4133019941826845,
          0.942705152427642
        ],
        [
          0.9954516716830087,
          0.9448673800590995,
          0.991490063240194,
          0.9450388855445376,
          0.948204753254562,
          0.9545032401722692,
          6.3929404614538035,
          1.052359307904916,
          0.9450503222790982,
          0.9450184672794786,
          0.9455985462089497,
          0.9504452820572162,
          0.9471761573953439,
          0.9447894659395031,
          1.8796138245364802,
          0.9447569970137845,
          1.0762191641114385,
          3.178779595901759,
          0.944760596633869,
          1.5687372516414446,
          0.9529161231316455,
          0.9446004176630598,
          0.9447422036210914,
          0.9554849519150073,
          1.0396151634324464,
          1.4161875625156946,
          0.9445036953483342,
          0.9448900481122026,
          0.0,
          2.4789051461124525,
          1.4262817963050802,
          0.9442369370750199,
          0.9445768884050524
        ],
        [
          1.0197905183481435,
          1.010056342739173,
          2.6968314297039564,
          1.0124832249361337,
          1.01075190906969,
          1.0174749341592777,
          3.87242745796797,
          1.0922059256726577,
          1.5185632932361417,
          1.0085531048297594,
          1.0239131120922733,
          1.0151182393654286,
          0.9906160634535304,
          1.0104677974354992,
          1.273150292628629,
          1.0046912012365032,
          1.0800431165152204,
          1.6351609890736782,
          1.0117126161753154,
          1.1706982042416367,
          1.0165922598431536,
          1.0202081203911455,
          1.0046786846745266,
          1.0178809096141594,
          1.5444744612454728,
          1.0102113262910437,
          1.010575800629676,
          1.2816812170719003,
          2.4789051461124525,
          0.0,
          1.319674883426755,
          1.616668542848233,
          1.0096396256080575
        ],
        [
          1.4096156667343474,
          0.941064474213185,
          1.0152665899957014,
          0.9407808682599786,
          0.9459701422849398,
          0.9426982426908803,
          1.0901030586132527,
          1.0320902618530234,
          0.9417151955836142,
          1.9259843640325618,
          0.9697626717810377,
          0.9416565780924308,
          0.9421327136644879,
          0.94115643439247,
          0.9382366900064094,
          0.9411760900987614,
          0.9409631584970829,
          0.937915014250193,
          0.9410162820766881,
          1.6141811998361675,
          0.9425532648973843,
          0.9408347808550194,
          0.9411469281471443,
          0.9413426006470698,
          0.9427194392728687,
          0.94057243280703,
          0.940670511719891,
          0.9412679657782533,
          1.4262817963050802,
          1.319674883426755,
          0.0,
          1.116845535853124,
          0.9410938683410643
        ],
        [
          1.2616345340000426,
          0.9386668073153247,
          1.0086972901231566,
          1.4082149281922556,
          0.939120267109205,
          0.9401654208186525,
          0.9194793724845751,
          1.230837376332594,
          0.9386745675258813,
          0.9383737285084119,
          0.9387484314011194,
          0.939159229419523,
          0.9397133944406143,
          0.9386714034659481,
          0.9394875182536716,
          0.9388420613313255,
          0.9389348507880484,
          1.528156777717502,
          0.9385112937453917,
          1.7468178798176024,
          0.9400159564719615,
          1.2590208337921083,
          0.9388141309087338,
          0.9388983915231931,
          0.9407867532949425,
          0.9381352710129259,
          0.9381352490430622,
          1.4133019941826845,
          0.9442369370750199,
          1.616668542848233,
          1.116845535853124,
          0.0,
          0.938653620295743
        ],
        [
          0.9406151005033045,
          0.942753512482705,
          1.0167990463775867,
          0.9424243006110183,
          0.9417527739412048,
          0.944235799800184,
          0.9189674633186861,
          0.9349681499627541,
          0.9427044771911413,
          0.9418597976228372,
          0.9425129255806484,
          0.9432674321224217,
          0.942383129813524,
          0.9426883331763175,
          0.9381400299442404,
          0.9426385977971298,
          0.9412640458283262,
          0.9379947055853369,
          0.9427449985649544,
          0.9395929410983391,
          0.9441201299124686,
          0.9423910476018195,
          0.9426090422874668,
          0.9428405515951527,
          0.9420371260018615,
          0.9422505216260795,
          0.9422865154774853,
          0.942705152427642,
          0.9445768884050524,
          1.0096396256080575,
          0.9410938683410643,
          0.938653620295743,
          0.0
        ]
      ]
    }
  },
  "nodes": {
    "003/XM/2010": {
      "country": "China",
      "country_confidence": {
        "China": 1.0
      },
      "country_entropy": -1.000088900581841e-12
    },
    "01011Y": {
      "country": "China",
      "country_confidence": {
        "China": 1.0
      },
      "country_entropy": -1.000088900581841e-12
    },
    "02363_Thai_02": {
      "country": "Thailand",
      "country_confidence": {
        "Thailand": 1.0
      },
      "country_entropy": -1.000088900581841e-12
    },
    "02_0_023": {
      "country": "Thailand",
      "country_confidence": {
        "Cambodia": 0.00845941669498903,
        "China": 0.039795414939744304,
        "Singapore": 0.005744835420568135,
        "Thailand": 0.8314374708410965
      },
      "country_entropy": 0.9843400690193529
    },
    "02_0_024": {
      "country": "Thailand",
      "country_confidence": {
        "Cambodia": 0.009305253604571781,
        "China": 0.04341323673772294,
        "Singapore": 0.006346476240119913,
        "Thailand": 0.8139458103825733
      },
      "country_entropy": 1.0675036256509953
    },
    "02_0_035": {
      "country": "Taiwan",
      "country_confidence": {
        "China": 0.026976298288219038,
        "Malaysia": 0.012168460632955345,
        "Taiwan": 0.8012543397582341,
        "Thailand": 0.00784138328717755
      },
      "country_entropy": 1.1619567815051466
    },
    "02_0_049": {
      "country": "Cambodia",
      "country_confidence": {
        "Cambodia": 0.5629425514162609,
        "China": 0.02602661701930738,
        "Singapore": 0.004239189162250399,
        "Thailand": 0.3098626014878261
      },
      "country_entropy": 1.356803182961584
    },
    "02_0_060": {
      "country": "Thailand",
      "country_confidence": {
        "Cambodia": 0.00940272877329396,
        "China": 0.052715514042293354,
        "Taiwan": 0.006200465543369003,
        "Thailand": 0.8086018398803086
      },
      "country_entropy": 1.073159510831211
    },
    "02_0_065": {
      "country": "Thailand",
      "country_confidence": {
        "Cambodia": 0.008763135329481279,
        "China": 0.043072904597869804,
        "Taiwan": 0.00590958238443803,
        "Thailand": 0.8244716834107998
      },
      "country_entropy": 1.0135097107928164
    },
    "02_0_068": {
      "country": "Thailand",
      "country_confidence": {
        "Cambodia": 0.10546354801344937,
        "China": 0.05168334270588537,
        "Singapore": 0.006671194990003829,
        "Thailand": 0.6986313647792809
      },
      "country_entropy": 1.4090764947936014
    },
    "02_0_070": {
      "country": "Thailand",
      "country_confidence": {
        "Cambodia": 0.009689780836756345,
        "China": 0.04365148433299686,
        "Singapore": 0.006668250600115175,
        "Thailand": 0.806438142102195
      },
      "country_entropy": 1.1054952286351136
    },
    "02_0_071": {
      "country": "Thailand",
      "country_confidence": {
        "Cambodia": 0.008953082818087939,
        "China": 0.04014798167526745,
        "Singapore": 0.0061549409735724946,
        "Thailand": 0.8218620095020631
      },
      "country_entropy": 1.0337546278408112
    },
    "02_0_072": {
      "country": "Cambodia",
      "country_confidence": {
        "Cambodia": 0.5600616554381375,
        "China": 0.026220925827935636,
        "Singapore": 0.004421159673272545,
        "Thailand": 0.30810755180677174
      },
      "country_entropy": 1.3789536194473613
    },
    "02_0_079": {
      "country": "Thailand",
      "country_confidence": {
        "Cambodia": 0.009217518977721832,
        "China": 0.04335850789967946,
        "Singapore": 0.006273210610180425,
        "Thailand": 0.8156538903244466
      },
      "country_entropy": 1.0588006396241687
    },
    "02_0_083": {
      "country": "Thailand",
      "country_confidence": {
        "Cambodia": 0.10549015874940716,
        "China": 0.05167586194448913,
        "Singapore": 0.006652452015272535,
        "Thailand": 0.699025397419516
      },
      "country_entropy": 1.4070532323401828
    },
    "02_0_090": {
      "country": "Thailand",
      "country_confidence": {
        "Cambodia": 0.00941052577837055,
        "China": 0.043478725182312467,
        "Singapore": 0.006434460831350924,
        "Thailand": 0.8118939152975385
      },
      "country_entropy": 1.0779289808301011
    },
    "02_1_005": {
      "country": "Thailand",
      "country_confidence": {
        "Cambodia": 0.10521368640185842,
        "China": 0.05175283451882063,
        "Singapore": 0.006846790551611665,
        "Thailand": 0.6949386228844403
      },
      "country_entropy": 1.427972680664593
    },
    "02_1_008": {
      "country": "Thailand",
      "country_confidence": {
        "Cambodia": 0.009183013265695764,
        "China": 0.0433369459783976,
        "Singapore": 0.006244410719266197,
        "Thailand": 0.8163251800258733
      },
      "country_entropy": 1.0553741495643594
    },
    "02_1_042": {
      "country": "Thailand",
      "country_confidence": {
        "Cambodia": 0.009409553524696211,
        "China": 0.043478121259276636,
        "Singapore": 0.0064336478699817895,
        "Thailand": 0.8119128777558516
      },
      "country_entropy": 1.077832781630103
    },
    "02_1_043": {
      "country": "Thailand",
      "country_confidence": {
        "Cambodia": 0.008636078500673267,
        "China": 0.03992204327035105,
