{
  "generated_by": {
    "program": "augur",
    "version": "11.1.2"
  },
  "models": {
    "country": {
      "alphabet": [
        "Australia",
        "Brunei",
        "Cambodia",
        "Canada",
        "China",
        "Denmark",
        "France",
        "Germany",
        "Greece",
        "Guinea",
        "Hong Kong",
        "Hungary",
        "Japan",
        "Laos",
        "Madagascar",
        "Malaysia",
        "Mauritania",
        "Na",
        "Netherlands",
        "Russia",
        "Senegal",
        "Singapore",
        "South Korea",
        "Spain",
        "Taiwan",
        "Thailand",
        "Unknown",
        "Usa",
        "Viet Nam",
        "?"
      ],
      "equilibrium_probabilities": [
        0.03614496088131829,
        0.039110279542527986,
        0.020981077502107943,
        0.03887319177973155,
        0.02200453150793625,
        0.03961898270650351,
        0.039570989223337794,
        0.03914544771225207,
        0.0391796204462327,
        0.039210197418816616,
        0.02772445006321145,
        0.03908120172655076,
        0.026620837973089898,
        0.03566265423026241,
        0.03869724184402501,
        0.03485482138512011,
        0.039499050880923724,
        0.027259881849053702,
        0.033604829672794205,
        0.03566734109633916,
        0.03896188416731649,
        0.040450892204106095,
        0.037089578966778385,
        0.03900278599761295,
        0.020573907029376327,
        0.026065997288472337,
        0.039164146944509044,
        0.04091308347102141,
        0.025266134488671804
      ],
      "rate": 9.382387579628283,
      "transition_matrix": [
        [
          0.0,
          0.9492203499079133,
          0.9458096087283085,
          1.3144587117968172,
          1.3414815784067802,
          0.9488969278575178,
          0.9492058993876558,
          0.9484946679168551,
          0.949100927790113,
          0.9503017652757078,
          0.9490332793236362,
          0.949115471101903,
          1.1636965441364486,
          0.94920934783131,
          0.9514092856953504,
          1.3932726772481911,
          0.9491039885987707,
          0.9486232831528694,
          1.8869062201427778,
          0.9491734263387744,
          0.9505752056715093,
          0.9476140187924571,
          0.9488314530560537,
          0.9488230981581258,
          1.0126089437718273,
          1.2837193297063458,
          1.0439127019986478,
          0.948676968322462,
          0.9007670840154409
        ],
        [
          0.9492203499079133,
          0.0,
          0.9464493741272785,
          0.9500290636447803,
          0.8899035498626573,
          0.9503339128017783,
          0.9509702777689101,
          0.9503270008776784,
          0.9508908540307636,
          0.9521195292362133,
          0.9502258785910295,
          0.9509539915478739,
          0.9434335690694712,
          0.9509410403813041,
          0.9530464354183308,
          1.417054367966593,
          0.9510275907381897,
          0.9493870770191195,
          0.9438688502048544,
          0.9509021049739985,
          0.9522344538748301,
          0.9491992104794886,
          0.950452380043443,
          0.9506628033159771,
          0.9099840509591707,
          0.9407400213244582,
          0.9510016027510264,
          0.950642814690227,
          0.8973405219985471
        ],
        [
          0.9458096087283085,
          0.9464493741272785,
          0.0,
          0.9459343013284794,
          1.8337052580215583,
          0.9462933008718541,
          0.9463628100239548,
          0.9460800977869497,
          0.9463598453590352,
          0.947137463027612,
          0.9474394528637656,
          0.9464058491626295,
          0.944107721955714,
          0.9468081700102304,
          0.9478414955543351,
          0.9434409038594511,
          0.946398212798271,
          0.9470221215507634,
          0.9432353696842887,
          0.9467871685480174,
          0.9473333106186045,
          0.945319275158469,
          0.9463887437752129,
          0.9462604380112598,
          0.9278749138413781,
          1.4295258052120596,
          0.9464060550383632,
          0.9460248868035152,
          8.37386446203095
        ],
        [
          1.3144587117968172,
          0.9500290636447803,
          0.9459343013284794,
          0.0,
          1.1330400592397476,
          0.949464007739961,
          0.9551859063354363,
          0.9492464145009869,
          0.9507337001790921,
          0.951101237899873,
          0.9501866963868583,
          0.9499507912748714,
          1.1950548132060288,
          0.9499744839220492,
          0.9521535929145488,
          1.2642573289227672,
          0.9499220576027735,
          0.9519430281780888,
          1.8223408409069515,
          0.9499358209627157,
          0.9513015303379042,
          0.9494059750519019,
          0.9494953775349414,
          0.9496115184518562,
          0.9178396597291801,
          0.9404338508061296,
          0.9500588857842037,
          0.9494986330429573,
          0.897297977837742
        ],
        [
          1.3414815784067802,
          0.8899035498626573,
          1.8337052580215583,
          1.1330400592397476,
          0.0,
          0.951768744310091,
          0.8894275589058388,
          0.8918571787966084,
          0.8898431222769667,
          0.9032365921993503,
          4.060453975374063,
          0.8899166785483741,
          2.783883699865227,
          1.3423022677118883,
          0.9237015570546925,
          0.8985132263925861,
          0.8896961509646523,
          2.936912910682323,
          1.1310471394031436,
          1.3423215751231268,
          0.9182850430171396,
          0.8884664108822103,
          0.9113328803251175,
          0.890017950717971,
          6.136702087283674,
          2.3077675133609517,
          0.8898430131960232,
          0.88714355211999,
          3.6550545619252204
        ],
        [
          0.9488969278575178,
          0.9503339128017783,
          0.9462933008718541,
          0.949464007739961,
          0.951768744310091,
          0.0,
          0.9502615248106969,
          1.9320278833093878,
          0.9501797221051717,
          1.0078805443940477,
          0.9508290944602568,
          0.9502481981727735,
          0.9978205705028924,
          0.950493674862099,
          1.093723033728934,
          0.9458696535672757,
          0.9517732965873249,
          0.9510129970442471,
          0.9454666021739863,
          0.9504541002474186,
          1.0742738889419505,
          0.9489965060735768,
          0.9505407346926689,
          0.9502058803652526,
          1.084444158097531,
          0.9421002008639521,
          0.9502466554011952,
          0.9647436794796399,
          0.8985904156394792
        ],
        [
          0.9492058993876558,
          0.9509702777689101,
          0.9463628100239548,
          0.9551859063354363,
          0.8894275589058388,
          0.9502615248106969,
          0.0,
          0.9502471656321666,
          0.9510091517066777,
          0.9520649129463444,
          0.9502968457660781,
          0.9508875708463844,
          0.9433158712405288,
          0.9508741344296643,
          0.9530080382581222,
          0.9444088953169746,
          0.9509548024656832,
          0.9501995565774618,
          1.4165658266277885,
          0.9508347368006415,
          0.9521852653636893,
          0.9494647637777053,
          0.9503816168466094,
          0.9505865900370596,
          0.910193121312022,
          1.4108813668796374,
          0.9509259758673272,
          0.9505628864301646,
          0.8971897869373427
        ],
        [
          0.9484946679168551,
          0.9503270008776784,
          0.9460800977869497,
          0.9492464145009869,
          0.8918571787966084,
          1.9320278833093878,
          0.9502471656321666,
          0.0,
          0.9501744368872268,
          0.9534148299724905,
          0.9497754044967622,
          0.9502394502099115,
          0.9449820757366713,
          0.9502989781541872,
          0.9570372293649243,
          0.9438283498724241,
          0.9503619544772111,
          0.9489951854797566,
          0.9432293984019421,
          0.9502599658647253,
          0.9556825651724824,
          0.9484895152916617,
          0.9498127138105446,
          1.4253163208048627,
          0.915264984692829,
          0.940325840509058,
          0.9502448870184845,
          1.9087764941354042,
          0.8969666236252392
        ],
        [
          0.949100927790113,
          0.9508908540307636,
          0.9463598453590352,
          0.9507337001790921,
          0.8898431222769667,
          0.9501797221051717,
          0.9510091517066777,
          0.9501744368872268,
          0.0,
          0.9519691370262128,
          1.0009463807385597,
          0.9508414381442946,
          0.9433523911950046,
          0.9508028414145347,
          0.9528998102128416,
          0.9443660659567766,
          0.9508746653329839,
          0.9506944412143785,
          1.3300865609002737,
          0.9507638253951644,
          0.9520853093660159,
          1.035494637643717,
          0.9503117361121526,
          0.9505112105510571,
          0.9101638405162703,
          0.9406361953787027,
          0.950829671597057,
          0.9504836898241646,
          0.8971328539089106
        ],
        [
          0.9503017652757078,
          0.9521195292362133,
          0.947137463027612,
          0.951101237899873,
          0.9032365921993503,
          1.0078805443940477,
          0.9520649129463444,
          0.9534148299724905,
          0.9519691370262128,
          0.0,
          0.9514551875941705,
          0.9520311858683087,
          0.9556044400940156,
          0.9520066119771506,
          1.0319383601695793,
          0.9462364022424148,
          0.9557126666805671,
          0.9510362394589514,
          0.9454878208439187,
          0.9519675529265762,
          1.4098558574795303,
          0.9505525131070515,
          0.9517925582979613,
          0.9518264394659565,
          0.9428224247168407,
          0.9421334773936307,
          0.9520369460621531,
          0.9518394349852749,
          0.8986911170277848
        ],
        [
          0.9490332793236362,
          0.9502258785910295,
          0.9474394528637656,
          0.9501866963868583,
          4.060453975374063,
          0.9508290944602568,
          0.9502968457660781,
          0.9497754044967622,
          1.0009463807385597,
          0.9514551875941705,
          0.0,
          0.9501950732193566,
          0.9458170092223401,
          0.9502494405066134,
          0.9527031582158215,
          0.9456863413215724,
          0.9502167944372633,
          1.0138190195976127,
          1.114077604611065,
          0.9502238341101389,
          0.9519381337310702,
          1.4097833192473264,
          0.9499174394673698,
          0.9499599802874537,
          0.9228019996460052,
          0.9444683778299804,
          0.9501771963795118,
          0.9499056411677114,
          0.9132357131775138
        ],
        [
          0.949115471101903,
          0.9509539915478739,
          0.9464058491626295,
          0.9499507912748714,
          0.8899166785483741,
          0.9502481981727735,
          0.9508875708463844,
          0.9502394502099115,
          0.9508414381442946,
          0.9520311858683087,
          0.9501950732193566,
          0.0,
          0.9433838350990389,
          0.9508606433011831,
          0.9529597965532314,
          0.944412162614074,
          0.9509384760523213,
          0.9493269728615003,
          1.415830819382478,
          0.9508217329689197,
          0.9521475824305727,
          0.9491470763832499,
          0.9503727472823258,
          0.9505751249153181,
          0.909677852327604,
          0.9406848531875716,
          0.9508933401592371,
          0.9505508445509164,
          0.897299682113004
        ],
        [
          1.1636965441364486,
          0.9434335690694712,
          0.944107721955714,
          1.1950548132060288,
          2.783883699865227,
          0.9978205705028924,
          0.9433158712405288,
          0.9449820757366713,
          0.9433523911950046,
          0.9556044400940156,
          0.9458170092223401,
          0.9433838350990389,
          0.0,
          0.9441040884434492,
          0.9731667248054143,
          1.2367690657985906,
          0.9436371943976402,
          0.9472689854835307,
          1.714093088825732,
          0.9440779604046603,
          0.9685135533783192,
          0.9429101377459053,
          1.3124252204415212,
          1.4148248893744904,
          3.1025870018539163,
          0.9491901033471577,
          0.9434493426824284,
          0.9428413631928516,
          1.147916714268924
        ],
        [
          0.94920934783131,
          0.9509410403813041,
          0.9468081700102304,
          0.9499744839220492,
          1.3423022677118883,
          0.950493674862099,
          0.9508741344296643,
          0.9502989781541872,
          0.9508028414145347,
          0.9520066119771506,
          0.9502494405066134,
          0.9508606433011831,
          0.9441040884434492,
          0.0,
          0.9529581816620012,
          0.9448498022624566,
          0.9509283239685276,
          0.9494845498033503,
          0.9443005396834874,
          0.9508231297659308,
          0.9521831310037181,
          0.9492566626518165,
          0.9504192074241262,
          0.9505954598935757,
          0.9132773588615847,
          0.9417540178683943,
          0.9508671941747456,
          0.95057213801668,
          0.9019395340581007
        ],
        [
          0.9514092856953504,
          0.9530464354183308,
          0.9478414955543351,
          0.9521535929145488,
          0.9237015570546925,
          1.093723033728934,
          0.9530080382581222,
          0.9570372293649243,
          0.9528998102128416,
          1.0319383601695793,
          0.9527031582158215,
          0.9529597965532314,
          0.9731667248054143,
          0.9529581816620012,
          0.0,
          0.948328949373091,
          0.9548881370536886,
          0.9528318494747968,
          0.9474883232751364,
          0.9529196299960001,
          1.1256953013605946,
          0.9518324644860346,
          0.9530740838060474,
          0.9528683492627595,
          0.9945224706999238,
          0.9438606920524627,
          0.9529641732395462,
          0.9529077750175238,
          0.9011043023942962
        ],
        [
          1.3932726772481911,
          1.417054367966593,
          0.9434409038594511,
          1.2642573289227672,
          0.8985132263925861,
          0.9458696535672757,
          0.9444088953169746,
          0.9438283498724241,
          0.9443660659567766,
          0.9462364022424148,
          0.9456863413215724,
          0.944412162614074,
          1.2367690657985906,
          0.9448498022624566,
          0.948328949373091,
          0.0,
          0.944289964557354,
          1.4240373799018218,
          1.593959446837869,
          0.9448147283993615,
          0.947185405553523,
          0.9441700629424955,
          0.9445264435388343,
          0.9440680829497808,
          3.0262698024560835,
          1.055509586947694,
          1.2933361277363016,
          0.9436942016668148,
          0.9374212342280048
        ],
        [
          0.9491039885987707,
          0.9510275907381897,
          0.946398212798271,
          0.9499220576027735,
          0.8896961509646523,
          0.9517732965873249,
          0.9509548024656832,
          0.9503619544772111,
          0.9508746653329839,
          0.9557126666805671,
          0.9502167944372633,
          0.9509384760523213,
          0.9436371943976402,
          0.9509283239685276,
          0.9548881370536886,
          0.944289964557354,
          0.0,
          0.9493765848815237,
          0.9436616421853423,
          0.950888999109222,
          1.4328763775325357,
          0.9491706610212903,
          0.9504388281322377,
          0.9506463582464504,
          0.9101884290056792,
          0.9406074744008999,
          0.9509458030903938,
          0.950625466014476,
          0.896815145516249
        ],
        [
          0.9486232831528694,
          0.9493870770191195,
          0.9470221215507634,
          0.9519430281780888,
          2.936912910682323,
          0.9510129970442471,
          0.9501995565774618,
          0.9489951854797566,
          0.9506944412143785,
          0.9510362394589514,
          1.0138190195976127,
          0.9493269728615003,
          0.9472689854835307,
          0.9494845498033503,
          0.9528318494747968,
          1.4240373799018218,
          0.9493765848815237,
          0.0,
          1.4148278055519827,
          0.9494583245633841,
          0.9518926293102595,
          1.42349201285922,
          0.9491694878161413,
          0.9491269858731195,
          2.6380683707551618,
          0.944146046491647,
          0.9493792974321339,
          0.949032742380645,
          0.9131598406062524
        ],
        [
          1.8869062201427778,
          0.9438688502048544,
          0.9432353696842887,
          1.8223408409069515,
          1.1310471394031436,
          0.9454666021739863,
          1.4165658266277885,
          0.9432293984019421,
          1.3300865609002737,
          0.9454878208439187,
          1.114077604611065,
          1.415830819382478,
          1.714093088825732,
          0.9443005396834874,
          0.9474883232751364,
          1.593959446837869,
          0.9436616421853423,
          1.4148278055519827,
          0.0,
          0.9442667524540523,
          0.9464076432146235,
          1.719759832534172,
          0.9472281507242205,
          0.9434654438137718,
          2.417557168155874,
          1.0210573933117906,
          0.9845784109496031,
          0.94305680685331,
          0.9013716466765629
        ],
        [
          0.9491734263387744,
          0.9509021049739985,
          0.9467871685480174,
          0.9499358209627157,
          1.3423215751231268,
          0.9504541002474186,
          0.9508347368006415,
          0.9502599658647253,
          0.9507638253951644,
          0.9519675529265762,
          0.9502238341101389,
          0.9508217329689197,
          0.9440779604046603,
          0.9508231297659308,
          0.9529196299960001,
          0.9448147283993615,
          0.950888999109222,
          0.9494583245633841,
          0.9442667524540523,
          0.0,
          0.9521442863535109,
          0.949216311117021,
          0.9503822710289976,
          0.95055661429218,
          0.9132565511916184,
          0.941727931020983,
          0.9508281955144241,
          0.9505313907377918,
          0.901912240765595
        ],
        [
          0.9505752056715093,
          0.9522344538748301,
          0.9473333106186045,
          0.9513015303379042,
          0.9182850430171396,
          1.0742738889419505,
          0.9521852653636893,
          0.9556825651724824,
          0.9520853093660159,
          1.4098558574795303,
          0.9519381337310702,
          0.9521475824305727,
          0.9685135533783192,
          0.9521831310037181,
          1.1256953013605946,
          0.947185405553523,
          1.4328763775325357,
          0.9518926293102595,
          0.9464076432146235,
          0.9521442863535109,
          0.0,
          0.9508875493718884,
          0.9521759557437479,
          0.9520218324213041,
          0.9819200898673961,
          0.9429418127727301,
          0.9521507692237453,
          0.9520347266012831,
          0.8998871678832957
        ],
        [
          0.9476140187924571,
          0.9491992104794886,
          0.945319275158469,
          0.9494059750519019,
          0.8884664108822103,
          0.9489965060735768,
          0.9494647637777053,
          0.9484895152916617,
          1.035494637643717,
          0.9505525131070515,
          1.4097833192473264,
          0.9491470763832499,
          0.9429101377459053,
          0.9492566626518165,
          0.9518324644860346,
          0.9441700629424955,
          0.9491706610212903,
          1.42349201285922,
          1.719759832534172,
          0.949216311117021,
          0.9508875493718884,
          0.0,
          0.9487087223824247,
          0.9488132318021905,
          1.3595104666866547,
          1.4120068834647188,
          0.9491712916729376,
          0.9487035494048912,
          0.8958014573137927
        ],
        [
          0.9488314530560537,
          0.950452380043443,
          0.9463887437752129,
          0.9494953775349414,
          0.9113328803251175,
          0.9505407346926689,
          0.9503816168466094,
          0.9498127138105446,
          0.9503117361121526,
          0.9517925582979613,
          0.9499174394673698,
          0.9503727472823258,
          1.3124252204415212,
          0.9504192074241262,
          0.9530740838060474,
          0.9445264435388343,
          0.9504388281322377,
          0.9491694878161413,
          0.9472281507242205,
          0.9503822710289976,
          0.9521759557437479,
          0.9487087223824247,
          0.0,
          0.9501248810161856,
          1.4487229850726189,
          0.9410640341388762,
          0.9503760564727705,
          0.9500471806579689,
          0.8998438636162607
        ],
        [
          0.9488230981581258,
          0.9506628033159771,
          0.9462604380112598,
          0.9496115184518562,
          0.890017950717971,
          0.9502058803652526,
          0.9505865900370596,
          1.4253163208048627,
          0.9505112105510571,
          0.9518264394659565,
          0.9499599802874537,
          0.9505751249153181,
          1.4148248893744904,
          0.9505954598935757,
          0.9528683492627595,
          0.9440680829497808,
          0.9506463582464504,
          0.9491269858731195,
          0.9434654438137718,
          0.95055661429218,
          0.9520218324213041,
          0.9488132318021905,
          0.9501248810161856,
          0.0,
          0.9097210112389227,
          0.940496291824831,
          0.9505816115885293,
          0.950261559983683,
          0.8972372328606857
        ],
        [
          1.0126089437718273,
          0.9099840509591707,
          0.9278749138413781,
          0.9178396597291801,
          6.136702087283674,
          1.084444158097531,
          0.910193121312022,
          0.915264984692829,
          0.9101638405162703,
          0.9428224247168407,
          0.9228019996460052,
          0.909677852327604,
          3.1025870018539163,
          0.9132773588615847,
          0.9945224706999238,
          3.0262698024560835,
          0.9101884290056792,
          2.6380683707551618,
          2.417557168155874,
          0.9132565511916184,
          0.9819200898673961,
          1.3595104666866547,
          1.4487229850726189,
          0.9097210112389227,
          0.0,
          2.8394586674627558,
          0.909926209586191,
          0.9078193131452575,
          3.4999151043868095
        ],
        [
          1.2837193297063458,
          0.9407400213244582,
          1.4295258052120596,
          0.9404338508061296,
          2.3077675133609517,
          0.9421002008639521,
          1.4108813668796374,
          0.940325840509058,
          0.9406361953787027,
          0.9421334773936307,
          0.9444683778299804,
          0.9406848531875716,
          0.9491901033471577,
          0.9417540178683943,
          0.9438606920524627,
          1.055509586947694,
          0.9406074744008999,
          0.944146046491647,
          1.0210573933117906,
          0.941727931020983,
          0.9429418127727301,
          1.4120068834647188,
          0.9410640341388762,
          0.940496291824831,
          2.8394586674627558,
          0.0,
          0.9556131067981887,
          0.9399647952595871,
          2.3071996198432023
        ],
        [
          1.0439127019986478,
          0.9510016027510264,
          0.9464060550383632,
          0.9500588857842037,
          0.8898430131960232,
          0.9502466554011952,
          0.9509259758673272,
          0.9502448870184845,
          0.950829671597057,
          0.9520369460621531,
          0.9501771963795118,
          0.9508933401592371,
          0.9434493426824284,
          0.9508671941747456,
          0.9529641732395462,
          1.2933361277363016,
          0.9509458030903938,
          0.9493792974321339,
          0.9845784109496031,
          0.9508281955144241,
          0.9521507692237453,
          0.9491712916729376,
          0.9503760564727705,
          0.9505816115885293,
          0.909926209586191,
          0.9556131067981887,
          0.0,
          0.9505574742980802,
          0.8972426853497972
        ],
        [
          0.948676968322462,
          0.950642814690227,
          0.9460248868035152,
          0.9494986330429573,
          0.88714355211999,
          0.9647436794796399,
          0.9505628864301646,
          1.9087764941354042,
          0.9504836898241646,
          0.9518394349852749,
          0.9499056411677114,
          0.9505508445509164,
          0.9428413631928516,
          0.95057213801668,
          0.9529077750175238,
          0.9436942016668148,
          0.950625466014476,
          0.949032742380645,
          0.94305680685331,
          0.9505313907377918,
          0.9520347266012831,
          0.9487035494048912,
          0.9500471806579689,
          0.950261559983683,
          0.9078193131452575,
          0.9399647952595871,
          0.9505574742980802,
          0.0,
          0.8947472361323348
        ],
        [
          0.9007670840154409,
          0.8973405219985471,
          8.37386446203095,
          0.897297977837742,
          3.6550545619252204,
          0.8985904156394792,
          0.8971897869373427,
          0.8969666236252392,
          0.8971328539089106,
          0.8986911170277848,
          0.9132357131775138,
          0.897299682113004,
          1.147916714268924,
          0.9019395340581007,
          0.9011043023942962,
          0.9374212342280048,
          0.896815145516249,
          0.9131598406062524,
          0.9013716466765629,
          0.901912240765595,
          0.8998871678832957,
          0.8958014573137927,
          0.8998438636162607,
          0.8972372328606857,
          3.4999151043868095,
          2.3071996198432023,
          0.8972426853497972,
          0.8947472361323348,
          0.0
        ]
      ]
    }
  },
  "nodes": {
    "003/XM/2010": {
      "country": "China",
      "country_confidence": {
        "China": 1.0
      },
      "country_entropy": -1.000088900581841e-12
    },
    "01011Y": {
      "country": "China",
      "country_confidence": {
        "China": 0.9999999999999999
      },
      "country_entropy": -9.99866855976916e-13
    },
    "02363_Thai_02": {
      "country": "Thailand",
      "country_confidence": {
        "Thailand": 1.0
      },
      "country_entropy": -1.000088900581841e-12
    },
    "02_0_023": {
      "country": "Viet Nam",
      "country_confidence": {
        "Viet Nam": 1.0
      },
      "country_entropy": -1.000088900581841e-12
    },
    "02_0_024": {
      "country": "Viet Nam",
      "country_confidence": {
        "Viet Nam": 1.0
      },
      "country_entropy": -1.000088900581841e-12
    },
    "02_0_035": {
      "country": "Viet Nam",
      "country_confidence": {
        "Viet Nam": 1.0
      },
      "country_entropy": -1.000088900581841e-12
    },
    "02_0_049": {
      "country": "Viet Nam",
      "country_confidence": {
        "Viet Nam": 0.9999999999999999
      },
      "country_entropy": -9.99866855976916e-13
    },
    "02_0_060": {
      "country": "Viet Nam",
      "country_confidence": {
        "Viet Nam": 0.9999999999999999
      },
      "country_entropy": -9.99866855976916e-13
    },
    "02_0_065": {
      "country": "Viet Nam",
      "country_confidence": {
        "Viet Nam": 0.9999999999999999
      },
      "country_entropy": -9.99866855976916e-13
    },
    "02_0_068": {
      "country": "Viet Nam",
      "country_confidence": {
        "Viet Nam": 1.0
      },
      "country_entropy": -1.000088900581841e-12
    },
    "02_0_070": {
      "country": "Viet Nam",
      "country_confidence": {
        "Viet Nam": 0.9999999999999999
      },
      "country_entropy": -9.99866855976916e-13
    },
    "02_0_071": {
      "country": "Viet Nam",
      "country_confidence": {
        "Viet Nam": 1.0
      },
      "country_entropy": -1.000088900581841e-12
    },
    "02_0_072": {
      "country": "Viet Nam",
      "country_confidence": {
        "Viet Nam": 0.9999999999999999
      },
      "country_entropy": -9.99866855976916e-13
    },
    "02_0_079": {
      "country": "Viet Nam",
      "country_confidence": {
        "Viet Nam": 1.0
      },
      "country_entropy": -1.000088900581841e-12
    },
    "02_0_083": {
      "country": "Viet Nam",
      "country_confidence": {
        "Viet Nam": 1.0
      },
      "country_entropy": -1.000088900581841e-12
    },
    "02_0_090": {
      "country": "Viet Nam",
      "country_confidence": {
        "Viet Nam": 1.0
      },
      "country_entropy": -1.000088900581841e-12
    },
    "02_1_005": {
      "country": "Viet Nam",
      "country_confidence": {
        "Viet Nam": 0.9999999999999999
      },
      "country_entropy": -9.99866855976916e-13
    },
    "02_1_008": {
      "country": "Viet Nam",
      "country_confidence": {
        "Viet Nam": 0.9999999999999999
      },
      "country_entropy": -9.99866855976916e-13
    },
    "02_1_042": {
      "country": "Viet Nam",
      "country_confidence": {
        "Viet Nam": 0.9999999999999999
      },
      "country_entropy": -9.99866855976916e-13
    },
    "02_1_043": {
      "country": "Viet Nam",
      "country_confidence": {
        "Viet Nam": 1.0
      },
      "country_entropy": -1.000088900581841e-12
    },
    "02_1_055": {
      "country": "Viet Nam",
      "country_confidence": {
        "Viet Nam": 1.0
      },
      "country_entropy": -1.000088900581841e-12
    },
    "02_1_065": {
      "country": "Viet Nam",
      "country_confidence": {
        "Viet Nam": 1.0
      },
      "country_entropy": -1.000088900581841e-12
    },
    "02_1_067": {
      "country": "Viet Nam",
      "country_confidence": {
        "Viet Nam": 0.9999999999999999
      },
      "country_entropy": -9.99866855976916e-13
    },
    "03_0_002": {
      "country": "Viet Nam",
      "country_confidence": {
        "Viet Nam": 1.0
      },
      "country_entropy": -1.000088900581841e-12
    },
    "03_0_003": {
      "country": "Viet Nam",
      "country_confidence": {
        "Viet Nam": 1.0
      },
      "country_entropy": -1.000088900581841e-12
    },
    "03_KOR_00": {
      "country": "South Korea",
      "country_confidence": {
        "South Korea": 1.0
      },
      "country_entropy": -1.000088900581841e-12
    },
    "06_KOR_00": {
      "country": "South Korea",
      "country_confidence": {
        "South Korea": 1.0
      },
      "country_entropy": -1.000088900581841e-12
    },
    "0964/SYD/98": {
      "country": "Australia",
      "country_confidence": {
        "Australia": 1.0
      },
      "country_entropy": -1.000088900581841e-12
    },
    "1/SHENZHEN/08/China/HFMD/2008": {
      "country": "China",
      "country_confidence": {
        "China": 1.0
      },
      "country_entropy": -1.000088900581841e-12
    },
    "100_p0": {
      "country": "China",
      "country_confidence": {
        "China": 1.0
      },
      "country_entropy": -1.000088900581841e-12
    },
    "100_p12": {
      "country": "China",
      "country_confidence": {
        "China": 1.0
      },
      "country_entropy": -1.000088900581841e-12
    },
    "100_p17_T1": {
      "country": "China",
      "country_confidence": {
        "China": 1.0
      },
      "country_entropy": -1.000088900581841e-12
    },
    "100_p17_T2": {
      "country": "China",
      "country_confidence": {
        "China": 1.0
      },
      "country_entropy": -1.000088900581841e-12
    },
    "100_p17_T3": {
      "country": "China",
      "country_confidence": {
        "China": 1.0
      },
      "country_entropy": -1.000088900581841e-12
    },
    "100_p31_T1": {
      "country": "China",
      "country_confidence": {
        "China": 1.0
      },
      "country_entropy": -1.000088900581841e-12
    },
    "100_p31_T2": {
      "country": "China",
      "country_confidence": {
        "China": 1.0
      },
      "country_entropy": -1.000088900581841e-12
    },
    "100_p31_T3": {
      "country": "China",
      "country_confidence": {
        "China": 1.0
      },
      "country_entropy": -1.000088900581841e-12
    },
    "100_p35_T1": {
      "country": "China",
      "country_confidence": {
        "China": 1.0
      },
      "country_entropy": -1.000088900581841e-12
    },
    "100_p35_T2": {
      "country": "China",
      "country_confidence": {
        "China": 1.0
      },
      "country_entropy": -1.000088900581841e-12
    },
    "100_p35_T3": {
      "country": "China",
      "country_confidence": {
        "China": 1.0
      },
      "country_entropy": -1.000088900581841e-12
    },
    "100_p36_T1": {
      "country": "China",
      "country_confidence": {
        "China": 1.0
      },
      "country_entropy": -1.000088900581841e-12
    },
    "100_p36_T2": {
      "country": "China",
      "country_confidence": {
        "China": 1.0
      },
      "country_entropy": -1.000088900581841e-12
    },
    "100_p36_T3": {
      "country": "China",
      "country_confidence": {
        "China": 1.0
      },
      "country_entropy": -1.000088900581841e-12
    },
    "10118": {
      "country": "Netherlands",
      "country_confidence": {
        "Netherlands": 1.0
      },
      "country_entropy": -1.000088900581841e-12
    },
    "10196": {
      "country": "Netherlands",
      "country_confidence": {
        "Netherlands": 1.0
      },
      "country_entropy": -1.000088900581841e-12
    },
    "101_p0": {
      "country": "China",
      "country_confidence": {
        "China": 1.0
      },
      "country_entropy": -1.000088900581841e-12
    },
    "101_p12": {
      "country": "China",
      "country_confidence": {
        "China": 1.0
      },
      "country_entropy": -1.000088900581841e-12
    },
    "101_p17_T1": {
      "country": "China",
      "country_confidence": {
        "China": 1.0
      },
      "country_entropy": -1.000088900581841e-12
    },
    "101_p17_T2": {
      "country": "China",
      "country_confidence": {
        "China": 1.0
      },
      "country_entropy": -1.000088900581841e-12
    },
    "101_p17_T3": {
      "country": "China",
      "country_confidence": {
        "China": 1.0
      },
      "country_entropy": -1.000088900581841e-12
    },
    "101_p31_T1": {
      "country": "China",
      "country_confidence": {
        "China": 1.0
      },
      "country_entropy": -1.000088900581841e-12
    },
    "101_p31_T2": {
      "country": "China",
      "country_confidence": {
        "China": 0.9999999999999999
      },
      "country_entropy": -9.99866855976916e-13
    },
    "101_p31_T3": {
      "country": "China",
      "country_confidence": {
        "China": 1.0
      },
      "country_entropy": -1.000088900581841e-12
    },
    "101_p35_T1": {
      "country": "China",
      "country_confidence": {
        "China": 1.0
      },
      "country_entropy": -1.000088900581841e-12
    },
    "101_p35_T2": {
      "country": "China",
      "country_confidence": {
        "China": 1.0
      },
      "country_entropy": -1.000088900581841e-12
    },
    "101_p35_T3": {
      "country": "China",
      "country_confidence": {
        "China": 1.0
      },
      "country_entropy": -1.000088900581841e-12
    },
    "101_p36_T1": {
      "country": "China",
      "country_confidence": {
        "China": 1.0
      },
      "country_entropy": -1.000088900581841e-12
    },
    "101_p36_T2": {
      "country": "China",
      "country_confidence": {
        "China": 1.0
      },
      "country_entropy": -1.000088900581841e-12
    },
    "101_p36_T3": {
      "country": "China",
      "country_confidence": {
        "China": 1.0
      },
      "country_entropy": -1.000088900581841e-12
    },
    "109/EV71/Wenzhou/CHN/2014": {
      "country": "China",
      "country_confidence": {
        "China": 0.9999999999999999
      },
      "country_entropy": -9.99866855976916e-13
    },
    "1095_LPS1": {
      "country": "Japan",
      "country_confidence": {
        "Japan": 1.0
      },
      "country_entropy": -1.000088900581841e-12
    },
    "1095_org": {
      "country": "Japan",
      "country_confidence": {
        "Japan": 1.0
      },
      "country_entropy": -1.000088900581841e-12
    },
    "11/EV71/Wenzhou/CHN/2014": {
      "country": "China",
      "country_confidence": {
        "China": 0.9999999999999999
      },
      "country_entropy": -9.99866855976916e-13
    },
    "11316": {
      "country": "Netherlands",
      "country_confidence": {
        "Netherlands": 1.0
      },
      "country_entropy": -1.000088900581841e-12
    },
    "11590": {
      "country": "Netherlands",
      "country_confidence": {
        "Netherlands": 1.0
      },
      "country_entropy": -1.000088900581841e-12
    },
    "116/EV71/Wenzhou/CHN/2014": {
      "country": "China",
      "country_confidence": {
        "China": 1.0
      },
      "country_entropy": -1.000088900581841e-12
    },
    "11977": {
      "country": "Netherlands",
      "country_confidence": {
        "Netherlands": 1.0
      },
      "country_entropy": -1.000088900581841e-12
    },
    "11N": {
      "country": "Spain",
      "country_confidence": {
        "Spain": 1.0
      },
      "country_entropy": -1.000088900581841e-12
    },
    "120/EV71/Wenzhou/CHN/2014": {
      "country": "China",
      "country_confidence": {
        "China": 0.9999999999999999
      },
      "country_entropy": -9.99866855976916e-13
    },
    "121/SHENZHEN/08/China/HFMD_Fatal/2008": {
      "country": "China",
      "country_confidence": {
        "China": 0.9999999999999999
      },
      "country_entropy": -9.99866855976916e-13
    },
    "1235": {
      "country": "Taiwan",
      "country_confidence": {
        "Taiwan": 1.0
      },
      "country_entropy": -1.000088900581841e-12
    },
    "1245a/98/tw": {
      "country": "Taiwan",
      "country_confidence": {
        "Taiwan": 1.0
      },
      "country_entropy": -1.000088900581841e-12
    },
    "127018": {
      "country": "Greece",
      "country_confidence": {
        "Greece": 1.0
      },
      "country_entropy": -1.000088900581841e-12
    },
    "128135": {
      "country": "Greece",
      "country_confidence": {
        "Greece": 1.0
      },
      "country_entropy": -1.000088900581841e-12
    },
    "1416": {
      "country": "Netherlands",
      "country_confidence": {
        "Netherlands": 1.0
      },
      "country_entropy": -1.000088900581841e-12
    },
    "15/EV71/Wenzhou/CHN/2014": {
      "country": "China",
      "country_confidence": {
        "China": 0.9999999999999999
      },
      "country_entropy": -9.99866855976916e-13
    },
    "15_355": {
      "country": "Senegal",
      "country_confidence": {
        "Senegal": 1.0
      },
      "country_entropy": -1.000088900581841e-12
    },
    "160_50": {
      "country": "China",
      "country_confidence": {
        "China": 1.0
      },
      "country_entropy": -1.000088900581841e-12
    },
    "16173": {
